84720
87030
80491
26152
62599
61199
4816
69196
70083
25329
82413
41976
32461
76740
87402
47321
57784
27344
57778
86303
75766
49902
88855
84002
53111
94812
2403
72191
36992
4234
29181
48096
98660
22578
58004
71098
28674
63621
79275
41680
45338
56511
83841
83253
17709
87164
47996
206
98000
14021
18929
59669
87212
97635
7954
84634
47574
70708
53876
84964
34438
25882
97436
61973
63222
80849
40774
86764
82649
76249
62802
36324
85973
6001
94443
96250
77982
9477
35317
56780
9905
41854
34131
87996
24457
32440
4466
31732
43202
74769
10357
72611
4648
15228
19293
99173
6746
27349
85973
865
64673
44656
25880
43948
13991
42250
8063
55468
77366
63393
81707
1047
13486
84576
95499
2329
66945
79122
78347
78035
37583
79767
49881
53953
54554
29364
65141
948
62949
82309
36372
10686
82382
37422
95217
23245
52516
58799
49041
60750
91623
57237
95569
88371
50203
38061
71598
39791
72456
64948
76785
58333
33490
10826
14069
21665
72687
80933
79926
6022
47594
69730
76056
13543
24788
61814
92945
42889
93793
33634
96820
71525
77318
11045
87067
33060
73741
11755
92592
15778
78482
30116
25400
405
44190
32175
45469
26855
92669
75637
31318
17503
62622
66514
40533
41695
77478
53549
33324
80422
31666
11497
93181
11764
70471
78517
32381
71822
73719
74718
93413
73400
61363
86980
53269
14591
68743
76809
7364
76345
57143
54086
47208
45507
94708
50072
86590
45418
86618
59191
73495
1478
58857
50952
88384
78688
11294
76936
30924
57493
15694
3784
42304
53874
64191
8249
59258
50975
50178
11837
84479
68120
76816
27004
71808
44054
75872
80600
71272
49709
78979
96408
3493
1454
30620
76161
69936
24077
82111
46755
99226
85245
63173
4591
60085
7703
35305
45703
74077
4377
23779
14029
31553
39499
77374
96541
60146
5437
44183
14551
57894
8204
25108
68500
24905
56451
5759
9786
79330
86494
87710
37386
79805
30826
85105
32823
22906
10440
29895
75985
96337
70609
44476
11871
88351
35219
88659
56459
40210
81562
42604
85464
58222
81674
29603
76910
19737
87592
88613
45174
29641
32600
83471
39009
82920
52096
94437
57506
8545
37484
9611
97052
6090
65003
37059
72406
40653
6487
21732
92908
64437
82898
70772
15999
58290
11851
44386
86124
6024
85568
83010
83321
11098
96542
9446
22347
92367
55427
21205
4406
7966
57925
21642
17100
70620
10443
96556
7415
82271
11705
90085
47713
79789
49673
60450
82864
78502
87124
94630
88432
34603
81265
12587
7240
11977
13972
59638
93646
40646
58104
16694
61590
29479
56599
6617
43205
78651
20373
42250
18725
39400
82749
33194
84145
1648
20803
83786
60112
48191
89097
11331
70142
21684
60253
87667
72038
96650
86847
88053
73964
29921
31937
77659
46854
53678
40615
57034
46091
81276
2253
52689
33924
26813
9288
69767
96959
91825
7781
87137
66274
99985
78189
40045
8476
24473
5130
36623
66999
64368
8259
33589
73546
38709
75587
32440
19083
79112
55832
98866
91905
44945
54104
9046
48504
22993
4989
16848
57614
38500
31697
74042
40810
80528
27397
94648
91916
17996
69147
18386
58783
48848
36291
49003
28875
74357
2690
65378
55240
4264
57007
94757
50125
45776
67032
50284
20037
18617
8129
9689
38371
23933
32524
30122
6157
26287
46036
81592
179
31331
72019
34032
88387
98589
9668
97772
81973
45844
56803
52173
51169
31075
87888
70390
52113
8620
2610
69384
72560
56937
82328
54
71554
30577
25179
97124
44621
92195
67999
23905
58581
68689
98104
15742
52998
65292
65257
89610
20490
31432
11336
66251
89914
72076
94846
24091
56625
54745
27178
39613
71228
29269
17093
73530
20398
45650
95136
56189
75344
96319
46345
37447
21206
40843
14861
2255
88780
3825
60887
82010
16655
48389
12663
16211
82904
64601
21534
67143
2451
76044
53701
47263
3406
9552
93901
14459
36013
26134
22592
92968
78810
13592
96055
37725
73753
63171
77334
22520
54906
33119
50962
89616
68520
21341
88082
66838
62302
52124
18835
58029
17049
17847
40549
39971
13673
82382
72211
33259
24033
43984
97120
55609
76141
89346
41229
86393
52611
14991
87511
16780
38643
8619
52925
25024
29368
67173
735
42154
13520
7273
33953
85635
61384
75696
65135
94076
81745
55397
4539
32575
48335
89876
44514
94596
66639
16368
81517
66413
16312
65505
3220
98559
90619
70121
95452
29181
72133
93010
18432
13922
24307
91158
333
48251
81700
27753
54472
52287
68778
50663
6059
13804
46330
42710
58604
11807
7524
66360
75582
62319
31324
44687
71088
72326
66678
35756
12212
86045
70897
14519
62139
53939
8586
32341
39419
79658
46545
84952
72338
43903
22936
82313
20548
40676
95784
46698
49025
7771
50030
99371
11074
38321
61171
46188
59985
73812
34505
71370
80872
24947
41313
87303
52018
22736
79577
29562
63246
54660
92626
11376
97971
75344
4288
91166
71693
61468
9563
88805
92068
56398
17715
15072
93533
19624
53536
58828
65690
47774
34007
24276
74973
74514
74200
71193
33131
20174
46724
25050
88875
58046
37677
58598
79597
56071
1669
71259
30855
840
67448
14585
11963
43307
10294
10921
87220
22536
32584
48355
66991
70423
37060
77697
79287
71599
66428
44094
31400
57984
47440
95913
70005
83945
67556
72140
10310
58327
36172
16884
51961
81372
39395
62620
18056
97031
45915
67706
74859
4133
67247
16838
38548
87283
95605
7939
48857
52575
75791
99691
91119
26907
51712
72731
24081
65916
10492
79192
11488
14165
72952
45180
20964
47435
49632
39233
39729
87605
63559
9289
18373
26131
15801
61384
44109
64903
87213
27662
33416
3412
40470
58229
8131
51185
83288
5155
43875
84586
83672
81148
75041
93460
36013
73832
8911
31339
63026
24380
80729
14250
49405
20520
91367
42085
64649
94140
57567
7046
50896
46360
45479
6595
73429
30318
75368
39545
31965
72950
69966
24263
92381
27406
62251
41225
14959
88780
4988
9230
61342
3362
40420
11385
21441
10444
43412
27729
54085
79864
29772
68389
258
2451
91930
28576
19503
75596
46081
88932
17042
94983
64054
59942
36080
10337
41316
8486
58370
54459
69519
15626
29192
80645
19861
96566
70744
60712
36081
20170
2031
16527
14009
1879
14312
78003
67527
24191
72970
16290
72948
84744
38107
14476
12352
3965
68915
8809
3503
91522
91851
24746
32365
96753
75156
52218
29394
65686
11940
57649
12673
83875
49356
17142
57354
30641
54693
86957
30127
30676
21320
60100
13924
4761
64412
84086
44271
88734
30698
1947
97871
52078
6349
83853
15034
71577
99078
90870
30110
64684
90347
25883
37800
83633
50335
1919
48803
10150
40413
76789
66777
25810
20590
45287
48565
35914
9690
10908
32136
88959
15963
98729
28266
58528
54797
22519
61721
98932
43585
10124
42237
79596
49233
76441
21612
37129
19278
73408
65993
78474
3733
38271
61638
28495
93120
13309
79339
43823
92728
99408
4303
47250
33608
56073
3459
11788
51725
40381
26766
88823
24490
57456
23891
13803
84568
7360
97519
88957
55003
54795
31518
45842
18031
95966
38429
98046
91457
18140
6922
55165
90938
56167
92135
8428
82614
92622
98622
39333
81203
34578
7518
30518
80005
33334
47556
50909
45446
86051
49973
47906
56075
58358
82311
43345
39505
72231
51872
37554
68342
32311
59670
45639
4837
25268
90389
53409
56713
60203
69951
90335
91394
76
31725
3173
96950
25075
65172
77781
3742
51480
46691
29324
46593
17076
14024
54363
88159
82894
88243
34336
80131
69505
95187
36993
70236
50892
13084
76389
12293
10999
47913
35375
32031
30684
90334
1367
24960
66521
85415
34727
22277
96209
53628
44399
41795
82873
91302
10789
60859
6438
67771
18909
10764
56721
57957
50592
30403
39747
3040
30796
81613
53187
16354
81736
42029
66393
24822
92226
33096
28894
25121
15143
4798
19202
39941
78175
91507
35194
49411
86434
14507
50276
85051
61051
47413
55672
41776
6519
37694
65165
423
14762
34790
89732
53869
25983
16496
90453
8984
40281
19858
37461
89254
90410
97293
93089
78274
28943
81654
7145
59877
71591
97619
90523
69560
751
94913
50123
22712
24507
35282
21981
79410
78194
36148
60111
61038
73062
5644
56421
72681
76495
83842
84786
6778
82372
54774
49343
22454
5557
44432
71036
71118
12071
6741
96289
2422
34477
87157
98815
33345
90527
80930
23079
64008
67482
47451
12343
66281
43636
25798
64957
98028
22458
31452
38985
64257
81192
22909
79827
27685
2467
61125
8774
82276
45751
1975
21800
51384
85385
75637
54310
23887
39672
70994
30369
10091
59092
11038
99983
1218
46043
55137
21520
26726
56844
10659
30318
42527
8906
5255
23535
15444
14447
57240
43547
71913
87242
51100
84932
80290
26966
45765
278
79046
6585
53638
41885
68479
49046
63491
40237
54653
38383
21409
25587
74426
18810
49116
81846
52984
44702
10743
67816
33703
63627
72046
3535
45443
42772
14568
33706
23929
61706
10345
81730
5418
24886
60515
752
12361
62098
10956
62437
12414
86052
92618
91705
87053
73784
85611
38547
76945
63193
86770
3986
23489
98924
73259
30550
37428
91434
42752
93518
57505
98456
65412
10303
94752
92260
11308
40141
78444
67741
18654
3177
43113
78575
10625
18423
55106
47002
20340
2139
53676
18063
14299
77280
903
75079
93299
6244
65314
27455
48647
22467
96893
37651
54043
9663
53962
21014
53093
17385
41645
15915
45692
6287
86115
25540
25833
72705
88158
54036
27706
35425
6094
4115
8693
93095
45468
20430
77994
54062
70736
87080
56353
14719
58930
22545
29010
66775
11021
36064
37971
2328
1615
97776
28652
38633
18126
24405
60326
38571
94501
13530
4290
21401
62299
66585
46087
86746
2053
35254
58739
60647
95905
71064
96082
75475
87075
61796
5165
79900
40429
40151
70105
85645
37399
56992
41296
27117
89295
62137
51965
13928
22874
60704
10161
55415
2200
86966
62770
11150
91013
42354
35219
38403
65819
31651
71167
96822
53461
36321
10671
88545
29967
30255
74683
28829
39337
44335
70349
24078
21578
19521
30705
24460
92993
90234
65480
95856
81735
50685
65660
24503
30017
55640
30638
7510
54593
91646
38891
37882
93611
79388
93373
20282
32437
12058
85342
44828
43688
88209
3879
32256
9316
60259
24934
14637
2623
48955
38574
31542
78413
40354
62952
46825
82332
15419
61288
20980
6679
27964
32506
38548
32010
39081
62491
88699
9637
80079
37156
42365
75321
59417
97377
90871
65727
55443
30848
8605
43576
29017
71045
36575
71055
45466
24091
29079
67739
90735
58500
39985
74912
16210
11537
2935
27765
63068
83565
2552
77665
85151
61747
99029
80543
2813
39873
33832
87968
76451
81028
82801
23183
7078
49074
62014
37071
30360
25335
11286
96129
84903
88583
19522
17218
29043
85971
36536
23697
329
74134
78886
79055
45568
37007
96151
15166
28591
95849
47429
35404
6890
43349
37372
82121
16663
40697
15015
49363
84049
42882
27801
16563
55256
27029
62585
6368
10035
37924
34859
66466
43428
21852
20183
72593
31110
73530
69881
55420
35877
79902
63684
59141
21049
82615
50387
15817
70337
46558
91150
59933
46552
98879
46869
39956
19735
79762
33740
286
97543
80712
89283
15659
18560
17793
89825
97133
41667
39322
87565
33274
97841
76387
20472
61136
52486
5359
61674
92212
45846
69477
92295
50419
68034
83923
42878
24393
95926
7714
22958
74464
97026
35524
66421
5680
48851
97738
55351
89573
22286
84722
73031
76382
30056
55326
91893
6450
90757
83712
90388
5805
38443
93713
99591
16504
40674
70817
88423
35958
43306
49384
38035
31274
83257
27259
51861
62006
69199
47706
64621
60479
25624
76679
10012
72428
51198
69777
67183
79533
70152
9614
65862
46297
44468
3175
66560
86543
18060
2925
93541
21246
52391
30377
45392
40576
31
61489
16470
72129
77898
15575
471
3741
59895
13115
59872
21736
94279
63937
67163
77319
4838
99165
90292
70811
29348
56491
96232
43262
70837
22843
97452
22694
38977
70921
41335
20742
58952
9899
65325
10868
23446
56131
24874
51301
67871
64884
90183
97940
44823
62706
92875
64578
81392
90834
83889
86936
90385
35616
93138
94120
95280
10256
9359
72881
52588
78476
69822
85568
33833
40364
60142
2131
79080
98563
97816
76378
58658
32406
84900
45975
45922
39272
60821
31492
30460
12048
27282
75827
5838
85900
97426
12048
31089
92815
99875
29763
71772
40213
54328
98898
39701
20920
4204
4228
68852
12795
3927
90815
66775
58819
98092
22707
28348
49702
21324
13488
55806
54107
86379
58833
13390
76849
91964
22972
8205
84444
43388
25473
64548
586
94456
78784
54593
19315
88220
11496
16014
143
19226
76474
85999
79841
74803
56652
76728
90833
30788
80585
77065
51960
67183
55125
54791
72596
11685
83823
55672
25595
60110
88751
68410
22413
58421
89231
76896
29282
45842
32325
55530
46338
20213
76142
77696
26355
28044
52231
2540
77997
37905
87125
13553
3114
71315
80964
69995
74009
7679
56397
8708
56593
58124
66480
35472
47522
7552
36193
27366
4968
53761
99839
56316
35353
49436
53087
70270
49246
19404
94855
20458
64286
41991
11127
12587
9653
14187
89026
88303
35907
95296
2521
6759
23745
77002
82377
31772
91855
14798
49275
68456
56681
27006
57081
23960
25592
37859
91889
51324
78724
14022
35154
98823
75879
83515
68498
20746
24797
92938
71378
3592
4984
42523
26009
58933
16655
64125
62077
99824
76598
86324
82145
1018
7626
38685
44056
27633
83107
22079
16968
81774
73195
49871
72137
60632
74445
21215
82284
66946
89863
67973
13209
13832
2010
42372
56048
51361
74784
1625
97265
44513
88125
56964
18775
61966
89933
71409
57376
25725
31901
79970
23464
22793
37206
3419
17394
46063
2901
90473
63240
2920
10358
77904
44794
10116
57454
58255
73602
1823
56023
98738
25256
94819
28678
37844
63810
84858
56408
58575
95411
64718
8427
63074
54740
99168
25162
69597
41873
72705
23648
68396
25322
90095
2350
49854
82585
95376
54903
51473
95603
60068
60056
5851
80327
59946
61269
25271
4164
57650
29679
39083
61592
27738
33170
31058
43186
40903
3434
99787
83561
24610
89237
1916
16278
94828
49043
45060
28283
56383
48027
50876
5927
2563
30088
55593
11442
43050
59792
58018
72995
79849
99764
38392
82129
39987
39251
33862
83173
65011
8922
76118
76127
89990
58326
6126
97616
79090
56554
32533
26212
63559
19932
39238
73090
91185
56521
76560
2540
63831
38873
70471
33953
33203
44589
77483
2018
89262
30709
43090
98130
99063
2494
58261
18326
42208
9481
63988
54139
81270
23670
47079
98807
22171
10399
94370
67560
93633
11841
86915
30297
42500
7189
61467
35107
98949
46078
91799
46416
3359
99674
32971
74363
12232
69819
66522
31667
22246
98384
45348
91229
28907
92572
26315
85689
69582
40232
48836
33085
31303
38388
58743
71614
56135
13096
75347
34094
25074
47433
29042
21919
77146
91464
61507
38053
39033
46004
37434
75193
78923
31119
39888
92505
56005
78942
32056
44493
25782
3482
6304
2917
92664
12612
27680
97631
58291
48310
65986
89156
5551
73300
38701
72530
21939
43040
32016
17236
59615
9645
82952
66765
61538
82764
62222
79699
52281
84930
50688
42712
37125
20315
56362
59365
21255
51543
91537
70303
87355
80386
36572
59787
93230
89218
75039
20813
15486
36681
56741
28716
7341
64203
71193
77810
53920
62857
7409
20335
18874
91499
26968
91165
24304
26925
49751
36351
54729
91952
37855
72674
87220
90417
82485
2181
8358
25847
75450
16565
41550
59718
17206
17265
63735
5136
78081
65389
26298
75243
89293
17490
86813
99038
27763
1185
39883
75157
35577
10584
20273
93492
93149
61838
339
72231
93569
78072
95209
75192
17683
3374
93625
32314
59351
70695
33554
10850
11475
14209
30466
61270
49399
16542
60181
31006
6503
70856
64650
3766
42598
59636
48371
87493
17440
51812
91338
71400
6677
56487
59883
67944
68797
41755
21074
70250
69052
34387
39921
48325
2436
30419
59949
35470
48641
10360
56630
36783
95685
56597
29889
33846
8017
88503
59300
60425
87772
53706
57486
69400
68547
92405
58112
4587
65805
17473
90348
35866
66074
5463
46760
22683
90984
47239
73583
4598
44065
24996
17877
39317
85636
10284
25636
54135
32110
72134
67960
1252
92421
47684
20659
74874
67201
89544
58557
71397
84279
90083
52156
73070
11108
89944
5068
90506
26162
64128
98556
13747
35818
42182
55909
83860
78486
85362
5927
63198
47665
17379
12385
1688
83278
93973
73453
23571
55426
99779
27190
75611
7823
93958
90998
79561
65837
41435
42833
98837
58711
65090
13224
57577
44432
63970
18234
80561
97584
72011
10846
52431
13359
8212
66005
36715
69740
24738
55855
21863
59130
57642
38109
94416
36456
59405
49839
97712
64203
79138
75017
73473
19115
54162
94918
67676
78471
68893
85065
97200
39429
88730
18268
78638
91130
54011
24520
45152
5362
9582
18767
47994
14269
38880
16137
83368
57495
75581
18905
24423
54929
69171
77323
32945
833
19092
11052
3408
79651
57433
91206
64019
9962
33795
14295
42846
80200
19229
74637
59675
32373
69214
70912
45967
50271
99371
62443
43912
61007
537
32329
76114
87956
70736
80008
98953
65390
63147
28045
29576
78457
70779
8804
77760
25395
25835
26081
27876
33196
7071
41208
6081
51657
11798
43413
62699
5813
90926
26425
84915
83173
486
61618
85269
4838
78302
58198
68973
67110
81467
79900
66761
58043
20904
22103
68730
44563
89814
89711
89316
65402
59139
79742
11733
36130
50169
19524
41330
23794
6509
24135
77901
6797
85256
53450
37651
42237
77698
89417
18018
83356
21898
69070
30359
77695
88258
66835
32485
98528
81191
29525
92674
60582
90863
12722
72571
49459
9035
4031
94280
76777
18700
57672
20762
79034
54722
11460
59313
35596
98207
45971
93386
33605
57657
61560
38518
59288
34575
39597
24550
86283
88195
74376
98273
69924
59237
16968
11064
11952
14929
37691
46929
8112
82159
95600
46111
15201
77912
6003
56851
21446
47768
1739
42348
16596
60847
32556
77961
60346
65041
41049
5279
18667
39565
18042
47047
74857
68235
98197
7182
35311
88718
65804
79280
50683
76506
87027
89055
38038
30255
97101
27581
74497
24051
39202
79977
5503
53197
53471
38709
64825
54637
41930
78582
93778
6762
32928
43126
10279
88292
71340
91396
22786
41000
22886
20010
95932
625
20358
48670
53996
63499
30628
88370
90513
26866
41966
24519
61175
77786
82341
72094
58602
93032
42644
48079
18708
78941
60621
51794
17076
97107
93474
72315
54558
2752
85949
89443
56872
5496
84893
57953
95800
70255
18765
90743
38568
97403
65507
23849
3411
44215
10098
1320
6335
42693
44972
18061
66567
65099
6679
63425
38691
18174
82378
62841
5814
56988
94821
94911
65012
25619
89675
299
38510
93791
26397
40176
93692
24209
13523
29331
82053
29355
10201
6263
80334
30023
17349
77300
77917
68983
79569
3589
81576
80616
27961
40960
99103
42144
22834
58689
12211
36390
70724
65280
45377
1632
37990
79649
2399
8695
25237
97258
8002
2488
96976
77166
5258
86196
33907
11304
97514
25766
15598
80228
83223
9460
2
90807
5741
52687
65495
47374
6329
93717
57405
50948
23686
55350
85149
50350
16039
82931
84634
21328
65822
38722
16234
91634
7655
70062
27211
50253
55460
91356
31652
71328
82437
55464
34297
12959
16083
31598
46826
1131
91930
28516
5161
56380
57553
89444
52758
14746
20551
52360
24312
56235
4492
24110
48378
27815
63097
55227
288
72424
49053
48188
14853
69789
58820
2535
82419
47710
7910
58176
76381
80729
68426
25335
93052
38987
18005
92079
11204
53034
34035
88922
16675
59711
77057
12544
60150
51825
15444
35678
13991
32604
72841
94474
23686
36097
60042
51189
37987
18519
85562
95018
56646
30815
69501
26931
34827
74645
2855
9370
96381
93026
20864
20173
94318
38255
20048
96379
65072
88532
59117
44635
70131
27758
96541
15339
40508
55342
49258
61366
44798
86542
13410
95727
8407
62847
11048
50010
54793
70015
66427
82346
62932
95174
18880
65029
8717
96863
54766
41411
19965
70355
44438
73717
53593
67552
21965
22947
70105
87593
38424
20334
48758
59944
89267
24628
64741
68735
12958
12465
60875
41195
97316
94882
54460
21977
19625
16453
65269
94323
42799
35581
79217
67539
31525
23570
1035
87800
11725
94869
56946
71670
60008
55489
46146
81576
30369
84380
79204
37792
9555
57309
49764
30111
4247
85127
46987
44289
10701
5363
82169
64143
10567
5805
66880
10904
12525
38453
14112
64985
73040
97798
48474
38617
6351
37651
93908
4146
62815
39244
22760
38985
99291
84320
25609
70879
99016
18845
89235
81056
22114
42290
76589
28472
99177
77462
75710
18085
51586
54050
31977
73704
33451
7609
26151
80469
25663
12904
32640
60106
90882
82727
43973
39197
64842
82175
16205
39181
18346
58950
36297
14330
81916
44038
87270
10353
14121
71197
31199
90240
95064
80189
82909
47080
22578
85842
15244
77776
51086
90340
53370
51733
71678
11570
32399
68543
85300
99103
71908
59183
79314
80617
63778
15701
79597
17971
28183
71679
285
24133
68087
81419
79332
80426
91437
29149
42008
65111
15197
62284
53679
43883
64439
37814
67782
51665
16314
58196
16878
30370
9219
71433
73683
49864
6128
98931
85962
98590
60373
31236
35031
17587
20922
89355
94360
19245
68367
46571
28658
90921
88621
11341
95766
51777
47467
54993
56175
33703
27161
39712
98410
97134
22621
58301
61218
80423
75464
4154
15336
59977
96755
28582
77420
76362
43451
98788
61258
89770
38070
55959
37075
27151
40049
6393
73623
1098
33545
72203
15148
89944
63746
33223
61854
89285
90150
50545
83667
19499
8349
4492
11545
13241
88614
82472
37391
9135
43952
921
63693
92741
83255
10532
82513
79562
53310
74130
76870
78986
15685
59623
32914
86249
26919
99020
31101
83309
47219
71272
81498
64632
5637
78829
39763
45234
12353
27823
52021
71365
96555
28943
29749
77762
8773
35094
53885
33921
98534
42685
22744
96197
67028
74377
12437
71454
68478
59764
9435
93320
37816
46566
62122
7569
51219
74307
40489
60504
92664
16414
61618
113
86753
67787
49430
37701
39253
38577
69262
14038
36158
78590
88831
13727
46249
15477
47017
63898
10553
86083
40844
60636
50311
2576
54520
41947
9370
67664
34672
29935
2048
59641
29369
7862
198
69262
91652
49010
37658
51258
84886
3469
37722
91609
37041
1757
86712
71600
93985
55298
46509
3741
74437
78411
46999
78313
49943
67161
64528
16313
60154
93564
84172
71492
93535
28121
11087
86719
7828
12365
23080
30356
97674
70795
36366
67505
19681
36257
45782
43773
15378
35417
28686
31493
86360
20219
29177
61397
59836
3216
8839
40962
42908
37377
4528
84388
12248
91102
97486
82369
85881
92058
93108
75843
84893
5715
12366
86924
11363
75088
68694
59008
53199
32196
86704
87681
6715
54639
79619
35736
45371
3651
70261
16207
63115
55107
72097
99835
73559
12808
23544
5079
72614
21117
12721
81932
19076
97098
92014
88556
88427
8239
77997
40606
88014
25510
18151
45747
18433
82026
71400
54039
96904
95799
73964
9027
78042
69543
73843
28304
34577
50683
14048
40838
30161
5179
5876
47826
52819
85364
12353
34774
83246
85664
79438
38586
30240
58148
58887
11328
77502
86226
23293
73205
52342
68175
75105
90659
17757
55183
61976
14852
73018
56316
97756
17330
11726
26678
31856
73209
82590
5876
52093
88845
87934
19272
91533
82200
31260
85825
40195
42603
57990
61290
70581
45366
30841
52496
8552
12723
39528
53120
54055
52093
84197
92815
24831
95646
20463
78611
15257
47589
95000
43151
77429
27319
32945
80748
44415
94460
7092
93602
45681
63290
32878
55030
33381
57343
38119
3773
30101
25911
75183
21855
71377
95262
26919
51127
53052
36239
71305
51447
40612
24379
44917
23240
52156
63990
80474
87982
33175
6731
125
84042
53123
67951
79688
67450
82144
58451
23570
40443
3580
95635
80551
60206
88332
19339
94676
10904
75433
80938
19569
96772
4420
21534
14155
2467
66471
43631
76397
21940
40490
8296
88010
29886
92431
18063
5578
49658
33371
85782
56175
98925
48625
40106
99874
20883
52748
56265
37631
38680
83896
31216
57914
96927
46286
90578
18348
25158
9930
78117
17022
32128
50219
94103
61424
354
90439
99582
80871
26842
13576
96076
19505
15512
83399
85505
30422
77904
86371
57851
58973
45048
39774
55112
81976
76781
72053
95836
65485
63250
64986
21502
41665
23448
91919
60060
34531
84665
62624
36672
75699
70781
15102
76826
60109
40928
93396
61820
18422
64555
36232
60805
63937
42687
96719
57685
89759
86896
70509
11103
38721
75854
93737
36540
40043
62462
63753
36764
73366
23783
60846
66936
88738
59945
5710
31267
69463
62088
17194
26463
38838
87207
9900
20843
14017
18094
99615
14714
49699
14382
42219
77471
36509
95963
12555
164
34542
15992
19021
32410
89631
70193
98821
40107
75272
27489
13678
44491
21186
76660
50751
34221
90122
5895
8805
85394
1135
2284
15778
53596
53432
79593
69090
94944
69717
40896
59926
33114
77312
78313
78256
65083
3343
57787
68217
59997
56666
60361
32082
3319
90883
89289
56069
33099
89159
76305
12743
53629
28895
4251
94988
11935
2643
13351
12423
75207
95932
68126
17565
68514
7764
43252
92357
55169
3613
48840
67070
51794
58090
2662
461
15530
82190
60619
24881
4605
81183
72968
31620
54960
11910
45279
27217
10630
31558
34474
55469
28183
98183
83772
61236
46495
88414
68671
29408
90802
80155
42044
584
56269
45902
62938
3795
33800
17206
96221
88215
82759
17192
75759
86387
33104
14904
5085
61893
41143
96231
89592
3400
26100
48010
14716
77422
96822
52082
65709
59702
18833
32797
41277
26955
12851
76921
89258
32504
95349
84080
21028
39467
66605
11733
21260
62853
15904
62729
66904
10395
96180
34057
98932
96973
68643
63896
18914
11585
78379
63909
33250
2811
57891
37273
48940
10170
22440
45471
82810
94354
48054
16272
42723
64993
27794
68186
48226
58224
74372
4620
94549
89961
98
37248
26017
32656
58311
88646
90163
84159
94082
40009
33505
54625
24395
39937
91119
68779
15440
29748
97518
3730
59566
10729
67935
90093
93435
69963
93461
33224
31008
98422
24760
5537
15428
321
2405
47395
44164
43880
68339
1661
77119
99188
92688
39967
60525
74185
30826
78800
15887
30285
25354
53646
98433
63280
7387
48867
11436
88252
30857
60704
44761
20122
36804
85625
83712
28702
32931
24316
8478
52529
95045
70127
50725
7769
81170
16230
91501
36615
31296
90846
76200
78812
51315
68889
29044
57401
17500
2166
38281
51906
79074
25132
59730
20397
26685
56067
75160
55949
66686
99535
72730
58582
72845
54601
81305
19116
49547
82476
3056
6893
40086
19625
77216
71927
81515
40008
78569
70199
14597
64956
7413
6831
66851
22337
30511
44835
22120
71604
87089
71137
48508
88015
60955
94698
55440
39071
34015
59105
93247
25092
15512
7247
6864
78469
29659
22321
18935
87502
52326
959
7323
10695
58422
33753
66962
24594
94933
17520
18473
32544
71311
73102
7264
26896
35269
81667
23186
34341
38043
73581
91282
1603
59820
22019
71057
53542
75485
38590
97820
76031
21135
15012
52609
23501
59406
88179
56978
45971
90726
49927
91939
75547
8406
16616
88174
88807
5116
93971
73206
35407
7184
87170
73544
61052
66541
42363
34141
6720
57962
53426
83964
6000
6150
42876
80796
58144
24738
35217
46791
58553
52296
37084
95323
33177
27305
85411
70986
45351
88549
4366
45793
43121
2819
40438
60357
35236
58689
1835
69081
1799
57029
31329
97180
57045
19345
12952
42416
96885
44245
53767
65653
23383
479
57029
85780
20398
24589
26323
68664
51524
51011
29161
47158
35358
33944
54748
50701
50158
39275
6312
79816
26671
93395
24704
68833
25248
52404
88559
42368
99680
87661
86506
1505
72290
14285
92116
82323
35117
90726
90157
93692
45715
45211
19800
43066
37068
83251
28296
13508
42926
17295
52902
97903
53291
16152
42177
21549
79560
19377
5811
12112
16629
89676
59244
14285
55373
11992
39166
89883
38508
56152
51908
3002
21576
44847
55151
48816
56173
4856
7022
25742
13337
26546
10489
96498
60913
57239
32602
63878
42750
98702
64889
51013
10152
77559
97027
68830
57613
28676
88630
36785
317
95239
5004
46998
97237
44837
45505
88221
49175
31722
70338
68271
82786
84759
72916
41492
49939
53078
81278
29134
93464
63566
5813
42179
41293
93841
91362
94584
42773
55923
27185
42296
3830
48214
67609
13556
60177
24576
4579
1764
56380
50958
42681
66636
36926
94626
6508
59994
98919
2231
5505
9067
11049
60693
6778
84621
80215
28864
15133
91935
4793
10699
42051
86901
19593
50026
11999
72344
21997
26757
16872
21866
81297
78120
19877
4071
42944
52439
4820
78663
12159
2815
60472
97119
21350
59240
44989
16264
97180
50278
37704
38327
62830
29903
50623
23339
53259
28103
7890
85190
48863
30039
73029
48274
5066
61020
70396
81317
32349
64027
52194
63039
97904
95122
80949
13936
54466
66346
34769
73399
81486
56872
5943
71813
41767
32451
46298
26847
94896
59888
21543
16770
72922
24698
558
39617
32475
17133
18705
99626
60263
86545
29128
94024
82414
83987
96846
40577
85234
47391
9931
55454
69827
62058
58143
72491
69336
21516
69608
18869
11596
11851
10576
5680
91955
47538
27959
21435
20184
53344
87160
72315
46581
77565
44698
10755
89197
82728
19157
15733
3913
43723
32479
40675
88141
5456
1971
76110
24118
1453
97436
46320
23315
89210
92803
76085
17309
83299
29747
30499
1941
31865
1765
75866
59032
49892
41613
59830
90625
69523
1664
91602
35003
46035
98400
78183
2881
6717
45446
79891
29077
89610
73899
52564
54713
69026
94419
40563
44653
12754
70295
53597
48837
36732
25645
98764
96358
55688
95605
39845
37278
32665
20194
6587
53565
48858
66020
78129
67539
49335
39118
67932
34344
40935
90121
83814
21170
58471
88564
74351
5718
92707
10326
39086
8318
4717
5442
26102
78803
23503
54757
23348
59671
44605
94928
78292
49666
77060
32380
94563
98711
57632
89502
45198
10947
14633
23913
91018
41745
38348
11355
17261
42860
80792
83301
4794
80114
38575
8954
74746
22354
90013
73171
72229
86082
75813
13916
17121
72095
11702
19615
59233
9057
50908
49131
38254
64602
59283
97536
48931
84428
97207
53818
63346
97316
95959
79736
63972
83511
50119
97704
15230
71255
70197
17264
63231
27089
35539
1531
92869
7623
67763
87327
55280
24517
76305
12455
24702
47874
85289
7938
68790
71029
50698
98599
92704
38513
19971
86946
65841
32607
56697
5216
89476
63319
22234
33715
25124
94458
86988
35298
69094
17518
56767
89553
25491
56535
2465
21064
27492
55919
90384
9666
31942
85442
51530
79732
76572
5192
1888
87672
57956
68319
18185
30102
2674
2565
99891
90030
84120
6863
91284
24004
96135
29737
86814
45160
5999
40299
73681
7456
36034
53299
74347
39445
98839
70469
2907
72727
75499
38524
40051
12238
59394
78251
82107
24158
61930
84789
81377
74870
73792
24293
71118
37973
66252
72011
58197
79865
41704
46228
75781
965
81502
22757
70302
5999
69807
60723
44320
56771
56079
94337
97854
65943
21166
62615
34674
7853
18002
59388
73130
7486
49440
73073
56032
47785
45657
7785
53031
69112
61729
26664
95201
50218
33275
55734
18061
41667
41295
93408
22590
74541
55502
96396
78791
79176
84877
84247
90771
31765
72045
96941
53585
39611
3451
99557
16556
80564
88786
49526
49400
52568
71198
97433
73448
29764
49564
1340
35805
17382
46622
98560
73625
96839
46410
36081
88114
98165
43074
64671
11874
16364
89214
9405
91866
79041
50517
28917
41623
4843
7451
5702
64109
96654
1156
56508
72992
44997
54855
57067
33809
3083
6654
20007
67413
52134
65929
78530
21058
63857
30546
31555
57250
35845
6219
74175
59306
94979
30195
54487
90373
80160
93304
23374
38185
48814
74807
57669
2059
1123
14911
99702
10157
58791
34163
50377
49270
60927
95950
66133
66619
82385
51904
79511
15929
33140
45719
14536
44804
8598
13913
81246
40057
37129
58701
13506
63568
37931
66490
15593
52749
43376
9671
59889
23094
36526
13538
60345
29855
16773
54748
79422
92609
50953
72817
14990
39241
93453
44805
96555
34092
47118
27434
83518
2680
22233
32766
6484
74566
31898
60626
86074
65356
39266
67237
2288
92527
14772
1454
78413
33077
57676
27289
28016
44376
58956
65768
98174
52247
98021
37499
67900
56359
3230
79659
84106
57862
69316
92208
39418
76720
28751
17858
28620
71402
17612
48572
16680
31004
41900
51964
63032
80188
33192
88615
13439
90213
58991
99338
1657
16679
5582
85916
13104
29367
7099
72287
96696
89031
25118
12741
39048
24081
66589
24815
24053
79244
33250
42352
80077
69249
30379
29840
25261
31768
45550
96748
91168
49611
14982
51195
82484
72764
81374
79916
32506
22882
69113
83115
89690
50303
97724
75394
89265
3085
87193
22140
9064
91222
70297
8645
98962
76579
41700
15629
78369
45772
944
98795
55494
99023
85604
82846
40163
99868
99112
5551
23183
35052
84267
46546
13317
85745
8112
87755
59657
28361
18422
43182
18617
25004
40259
85566
53355
45061
73036
64375
19721
13598
38628
71976
19845
46003
54014
99735
2490
54121
28864
31049
83554
5335
94726
91385
50062
48514
35696
82117
84069
12423
41130
83784
25179
37554
82230
42881
88301
33963
1911
23347
90551
61264
68284
61510
56402
29917
72744
27820
95469
94056
12378
74173
99847
5801
10238
92195
8231
21430
12239
43026
34776
67437
60391
35567
69444
53291
27108
33169
92715
45242
14361
87077
86272
10374
17902
84235
63872
7376
24085
91838
95760
14044
57003
43729
25427
38149
4966
94293
91685
70129
29889
93495
30326
93439
26657
93702
73414
23804
96611
22642
70937
6485
42053
44112
57240
57030
89933
154
43620
13297
44698
55347
98039
331
2597
91368
94809
90864
4883
86898
12699
64950
44762
14393
55348
31327
63117
17490
26742
62825
99014
68584
7308
72320
82896
77433
45587
57683
46190
80535
71249
94115
98410
68111
30294
13111
37854
53894
41230
81965
2521
31679
60863
35403
96527
18714
63078
40691
57439
30839
71784
29109
59682
43735
52375
82335
14253
58467
65348
51184
50083
9350
60188
94602
15131
6069
53216
87429
24201
93296
36325
85792
11339
74048
53476
93362
58130
11871
57150
5919
76075
22712
96496
31750
15625
27427
4015
17335
22353
9235
63937
38722
3010
50443
37080
36970
92415
67722
5643
80249
52762
72552
33362
90669
47454
42552
21854
37904
79513
55917
90706
81605
30372
73017
24162
34334
95793
19761
61127
83179
6064
92684
96092
79820
58205
80746
58233
86280
15978
15921
85033
34454
92549
14707
28810
22360
85573
47371
62784
98056
1718
66950
26518
86379
10527
62111
63794
18018
12556
11843
68468
7423
51581
20211
11883
50004
24970
54631
23412
22599
4497
23247
90352
56322
86174
65013
16768
20422
56758
17855
44128
69760
61215
54832
63485
36020
38639
5742
4532
90614
57168
11774
72425
96247
94061
21963
73536
96284
84956
1606
45148
54187
29960
97383
67282
77215
38682
69042
56073
92922
56867
39157
57328
10874
95432
77838
27931
39460
77034
55369
5308
85405
24656
22918
80506
24312
15572
50681
55505
87017
49768
7979
17285
66360
7587
59134
97604
10514
21195
2926
66744
75001
25760
42387
58661
81339
95107
19491
43845
17728
961
91220
46749
95292
57152
65343
51900
62885
2949
30080
69584
94175
30624
91610
69860
45971
44949
36920
76442
43710
82151
3214
39105
82150
91906
63037
90099
19367
3141
16821
86158
22251
95755
31669
39981
60184
16661
64014
71618
11970
36309
55013
24210
51746
63801
68183
92397
8863
97139
10136
15432
93033
24289
50740
54009
20165
18557
36566
37966
50209
60259
61734
14859
37737
16474
35341
54270
71474
27201
31093
23008
19764
37464
3468
45291
48437
68264
74087
59891
19296
77360
52642
66466
58645
91117
52229
50323
51450
64389
76739
5802
32847
15408
84636
4719
71838
41187
68610
14149
82609
97338
15001
14923
20574
71009
14808
43791
61918
55296
44332
25322
12347
42753
45243
40540
9671
66303
59557
85284
5417
14893
42055
59611
49939
50271
78458
26926
62095
35801
14872
31735
51191
26547
76287
17943
29252
48709
65389
46738
78303
39509
3691
33094
75571
1050
871
61641
69795
49836
3097
11295
94295
93642
1287
67189
6770
66631
23172
6205
33183
10641
85683
94054
72714
91968
62953
24439
3147
73976
24880
93223
51292
52795
74504
31708
31756
27054
27945
99391
49036
65350
46371
11000
71143
93359
5350
95372
40751
20537
65181
48079
75218
74111
4501
34631
94892
22773
98140
35935
11509
22349
62789
22756
32091
72230
48648
9248
66474
14418
6437
54960
10696
25987
40329
97860
46110
5105
23689
1363
68848
6762
31787
8921
37773
94455
92293
43726
5377
32902
16317
54179
86888
11129
82863
16028
88030
87403
94413
7972
38482
39130
49280
23858
98937
66006
27853
42295
59358
34564
19699
81984
16631
35343
84177
1550
61299
74956
76677
60943
1967
77896
26286
86936
51272
55952
74995
60738
41034
16284
25660
47263
2215
41946
96606
95639
19780
12691
84373
97923
14125
29019
41609
645
16073
27578
3603
59970
24264
18994
70233
75677
36184
21037
42837
37362
44343
14629
15124
84299
31267
73103
7770
25666
64077
87941
28034
81428
82733
91310
92355
35134
97262
97100
36047
19415
19562
55073
85269
41546
60400
12319
54118
58990
72065
87115
10612
91747
4475
54413
9687
13484
62253
37591
56681
14947
81641
77711
22257
94717
44887
4955
48125
7452
96390
51784
26120
12587
99005
94455
98107
86425
9904
58693
98127
86965
83726
27381
78385
94626
88311
4636
26431
951
25899
92584
27567
31350
65822
37582
36558
9030
66599
29199
24581
45360
84408
29830
12184
50739
61160
45264
34025
65348
40747
49112
69721
93605
88259
72127
16495
83872
61328
65477
35185
27777
90755
79350
45646
17102
42320
45108
66334
3459
18690
32572
29761
46446
69800
54584
55364
31716
29805
12577
55747
51998
51109
37230
61256
84403
97283
78109
53873
82355
37672
69405
16752
72862
84631
53974
90156
50079
14147
13461
59140
17768
86761
77272
86708
74763
65242
71442
81872
16690
96977
69148
39789
98203
29347
62809
42655
12148
38420
28996
54461
33231
63941
16983
34593
76578
27883
96058
9771
92638
50716
14887
90501
28073
90563
12982
96609
29466
67283
43050
37375
29488
22807
49591
77771
51920
58600
32334
30403
62458
30008
14310
80502
8135
33995
96169
5447
4000
89989
34840
36465
8862
47198
61148
59652
17625
84114
36458
52174
33359
9046
4562
29462
11956
4421
22180
25697
12656
78936
45760
96439
68858
40212
79641
31711
91727
27580
94212
49095
65902
67847
42083
49056
31667
8557
90344
18118
98990
41948
40456
3454
25311
73063
42175
1912
73393
77085
45529
13459
76848
30615
548
80799
53928
50315
69808
51198
88187
67422
58463
73540
77695
50903
29807
18846
16562
18318
10721
98095
98618
71395
97605
92149
25406
91594
64420
49897
81562
49828
17353
65829
22563
85706
89005
76865
50936
69698
77887
41846
24192
98228
18956
37443
74246
91638
61968
3054
98094
52132
16249
6370
94707
10987
99027
83638
83838
76260
16854
30511
64133
93438
26345
1916
33214
60820
23857
49278
49662
55006
70842
16747
21010
51459
39776
29736
42521
64779
3674
24115
61884
92435
28388
5475
80971
58682
95208
3975
71734
33272
18441
16107
68036
8207
10603
78810
27891
34553
57122
79197
8237
79105
86421
25505
79428
15661
17742
12022
15754
79033
53538
76659
23119
18719
24088
38359
52887
66066
42551
25547
53815
75275
77808
8388
12908
47834
88357
15588
81657
47934
27220
74911
89179
6127
57605
98235
52042
7032
77164
94513
99918
81315
29914
87633
67803
17133
6310
11362
36203
64280
82996
72166
53943
20671
47552
13531
16914
4836
44297
25022
15969
91333
15741
24267
57659
99950
41020
31
12025
14728
10027
23806
41593
42446
52856
22353
18709
83936
13637
35175
68731
21328
65811
89180
69801
20378
91117
94423
4072
1169
37261
27533
15554
8980
32430
14339
7744
69568
7504
68528
7364
62751
95906
89729
66495
39102
69263
9111
31377
95452
70503
7755
95483
14750
15017
69489
62210
88415
69482
82042
14787
93189
14468
40147
48109
71695
95390
25611
1823
68042
2036
78290
62527
12003
34595
72957
8468
15351
53619
9702
29281
39173
58273
73457
80607
86629
93704
8105
44533
61811
76908
65832
30583
12643
30754
13109
92216
99928
1119
9768
34221
59152
82172
90185
49247
46199
93059
82775
5356
89500
984
41220
87291
96896
63431
53053
98075
79370
61158
96264
63063
31640
61894
59590
36631
5649
7068
41496
86326
26101
95430
92925
42588
70325
44092
42041
37432
81599
95925
51954
72763
77010
82995
96596
86995
3472
44716
22933
93890
55697
43222
29618
12091
50548
11662
29975
98489
58641
59364
91774
2300
36170
30439
27887
29025
84351
92553
24294
732
76960
97582
18003
77397
73181
41398
47226
54908
57594
61029
94106
23274
62942
13708
37739
89013
78699
9269
98656
92976
5960
37840
3373
5437
50489
73365
22786
43440
44400
65749
33397
47521
67293
48770
98013
51821
17313
97431
42458
37962
59136
85573
73107
59365
50741
38108
76759
14938
9983
66834
76261
69615
55225
30899
21543
75534
4040
3301
2393
25693
36205
36790
73736
77595
48794
95716
17173
30809
53121
49673
80472
10930
14888
46178
77409
46089
65721
95642
45210
82750
30998
51511
51721
812
47178
32289
5234
27010
13114
39658
27576
97403
48954
37375
4612
13341
51100
53641
45342
74379
68739
83968
54008
6663
38133
19149
94379
37000
66895
45370
79353
87027
80403
69337
97073
9753
33309
58510
82608
42893
25011
44121
49317
25120
60506
58084
52077
87451
48133
81989
70941
79736
49321
73712
2078
10974
82028
16605
47571
29239
83451
23473
86166
77647
24699
23596
78592
90827
51479
7374
65223
56932
5144
5222
51681
67743
72403
36281
51367
43466
5339
1323
17493
67316
94776
12334
38414
96682
83184
94628
22909
99818
42305
15410
43254
31718
97904
227
81498
54934
72156
37909
28090
33210
23500
59941
33138
62603
7
89810
68663
36253
61730
77360
30187
33716
13619
46828
365
87711
75525
34775
83982
69717
9124
42897
48989
32842
96024
11411
91941
1902
75343
24120
95564
93891
11219
34409
23996
79450
28795
52772
69791
67337
86684
12072
72387
98858
192
96320
9117
80594
43279
15593
81801
23148
11690
76706
41456
83186
13399
46063
10786
17799
81781
60906
27715
93524
177
87047
91234
94846
60370
73441
21092
69216
2383
54758
6624
18155
22593
89917
50371
46966
64371
10319
71923
99907
25781
15225
2225
90159
3023
82284
71864
81109
96595
96671
96162
59713
67275
68914
83241
85420
24626
99807
66154
4409
64638
18303
3782
7146
92091
4055
48099
91584
91059
50685
5904
63021
49065
1418
41509
55095
80646
72126
26600
62988
92746
99851
44044
62109
8900
41215
25460
57880
79741
76305
73078
51846
58414
15399
38650
12893
26898
19138
93345
24035
55574
57159
15651
74080
15500
60266
73809
62
81759
51833
18649
1792
88705
35778
84519
82364
56576
71650
23240
32470
96568
60875
53834
87867
20930
52785
93536
99735
32009
42962
51650
55155
78397
82464
72113
21838
15968
40012
3863
80311
49790
48304
70189
4388
33211
12056
16086
45106
37252
89806
66537
44954
65447
85922
5100
38220
28510
56146
82843
63563
20582
71675
19848
72549
85198
3292
2269
29581
94027
37412
3101
36758
91656
87128
78344
72686
603
32386
29277
33524
42067
90584
74521
85688
18221
25128
55774
59246
23590
25982
20304
25871
6091
13746
67160
73516
28300
45425
82347
32111
95055
14214
51109
83152
64512
49668
6927
56944
9606
35251
44640
65974
41649
92884
42047
24516
7279
53235
34086
73717
62079
87656
56226
94677
14013
71594
40119
28029
13019
4209
71105
64201
61584
28454
94645
65976
48106
99017
35461
32416
70912
93886
7491
55307
55170
97270
26013
54513
48850
77077
43270
17620
48043
88773
22806
83218
68063
35287
33543
48171
48672
337
35680
33135
94612
75224
75439
9986
46443
55003
40015
6544
7276
15577
17738
16647
20651
17137
66295
41685
57911
10532
54948
7007
86865
92617
34991
97402
45015
15661
27246
22218
53501
61796
86702
39189
95677
58609
26489
1891
9638
3469
45777
63957
84176
34936
79993
5055
51727
74265
64818
89730
47365
55315
12962
21450
43954
33383
48466
31969
85831
91392
39726
87887
66041
44895
53135
12911
25872
54851
49717
45199
34143
5556
62382
89187
14862
59341
5108
32454
8242
35172
31890
45358
84223
7447
53030
34602
72884
53012
89538
827
44564
95492
78413
53869
79573
12278
33671
82097
94673
57636
98601
84024
17754
90308
23690
32846
59627
55533
70367
22000
58969
60900
72442
85963
61000
18626
51091
30547
49082
65219
42148
27036
24386
13870
57837
42297
97495
31772
73400
73807
32996
16487
42168
65364
42044
98224
77610
19050
64874
22957
7198
17810
54375
81261
41423
64206
40485
19754
36524
69144
52808
17482
74075
99672
71508
25201
16244
14086
46370
86950
47849
29724
94188
4448
15717
6807
93223
91789
47666
10762
47345
24608
18613
34015
75168
84405
22740
85899
66650
46529
17719
66093
28771
96571
52972
90339
1520
36512
45413
33448
26234
37448
88636
20078
59374
13475
20214
97044
59490
65999
42725
89348
83554
4634
91464
12012
43720
43406
75469
91958
47050
78141
7095
27654
76781
84874
52538
69264
87384
23602
91875
46100
18595
92885
2037
74679
85198
79109
92046
40191
85038
25866
56712
2731
11682
98031
34651
96908
40196
29260
87264
42851
1371
45329
71056
10777
84460
91084
81226
33877
28913
70936
83924
80285
15330
3842
12825
12525
4976
32856
5105
80077
33265
63921
81886
29650
40565
25203
66866
91347
85335
59013
64206
39814
68879
593
17766
58007
58276
80725
31904
484
32959
65447
11771
79736
3386
80899
13580
50146
90487
83858
43235
68337
39342
90232
13996
30766
51006
78618
75569
59350
9701
61099
75037
32211
60011
8722
91612
76054
98520
33881
43359
24787
9669
69683
6459
57560
57808
99915
43057
97835
50825
77318
3112
48960
73865
58645
20053
30324
89731
12569
61981
9417
22291
65138
31825
94365
19698
97574
69016
1705
87084
84523
11691
89268
61224
38161
15322
16658
52198
17135
70028
49084
24584
51400
18435
99213
92103
31065
28798
2902
55654
8675
24600
78590
51139
3279
61486
4890
18474
98371
31997
62341
2820
52447
95305
82940
4876
25652
96315
25657
48578
21474
4290
56009
7225
18060
67386
88908
65387
5275
54858
39785
44204
8011
41319
24715
46811
37878
42678
13724
35189
95291
41199
27581
33348
44235
8157
31615
88469
20432
76194
6657
51847
94746
29495
1766
59199
93287
97616
79698
96217
78893
27358
87713
69497
88167
77487
8964
10719
18971
37328
26137
73176
62692
84786
84453
65393
92097
37418
87825
38375
42425
72851
33215
27290
94601
83278
4231
96416
2219
52745
75410
29973
11460
66686
99954
91728
74219
57970
48188
68081
66193
69278
76323
64247
31761
14218
54642
53326
47286
14805
3974
85445
44291
5393
40134
51870
45411
55436
71392
94174
82734
16393
63361
37764
73620
51245
76112
40663
92745
46933
26727
49367
64141
62980
34319
38838
75607
70363
4440
66240
29629
46913
50674
72436
28355
62722
56074
24791
33629
692
2468
42622
80259
55828
4818
26697
57936
81423
16142
11632
43414
77149
28986
34613
49475
98503
51569
53176
40136
10953
43945
49705
27851
82867
65480
88504
17419
78089
33504
97385
43787
5995
38857
13796
42942
5167
51033
55880
95053
19081
95810
90335
31847
54316
44040
2445
44166
75627
39805
64354
29850
15800
18971
60399
92500
24622
63166
70709
74129
29450
21596
29561
19105
68628
31873
47475
71571
75228
43019
10662
51615
87775
52574
31914
1807
39848
62085
62117
80491
8723
57767
46072
35647
40525
45026
53781
77771
39991
63814
47055
76104
78505
30800
14634
77202
79796
56545
32273
22678
88480
411
68134
27865
99444
65880
38004
61378
12435
57382
90240
74053
18147
60163
19582
35789
49930
48465
10048
61477
18321
78678
48425
86788
2826
58610
45184
64883
20910
93150
87296
66395
77119
46910
39116
38896
76428
60450
4416
61300
42675
97631
30402
17481
32288
74597
58007
73463
48948
47836
27603
28374
63489
13856
43816
65721
83026
94422
34719
90039
79815
40330
91877
77367
84221
90215
30332
99351
49004
36689
13971
81753
8107
54307
52208
44171
4366
24384
54921
21969
7695
48056
7634
31634
62251
84569
28112
27355
99363
47215
45772
54259
47010
75834
30340
67837
31806
38538
54139
2467
15544
46106
3728
36710
59678
74022
85773
8927
90832
75562
19126
61104
6111
36408
20673
54156
6257
94421
67749
70111
16098
35985
71914
48091
82756
50722
17536
68257
8327
22556
71020
39048
9011
18991
24541
57805
8498
52732
17533
89592
57099
17205
97219
24806
34345
75025
49797
9656
24026
43496
97034
70328
60819
74065
93501
14307
45937
82134
8606
1015
70234
68400
83411
29018
97154
77381
60540
24708
65898
85434
79748
56523
17826
47702
89651
41769
47311
15318
13921
63724
30088
34150
41540
64697
73274
96066
21930
39230
12044
59401
38562
18035
34044
45275
76757
72780
68904
98383
6354
60542
20137
468
46599
95755
15226
43394
31052
81900
95126
56059
84089
29242
4223
5635
88375
81240
65531
60473
52212
12065
1977
87089
27856
96905
95058
96816
11893
33395
89066
59011
86019
6511
31829
56732
45993
16365
68406
84107
60272
30339
18403
7061
99985
27062
87876
17363
87303
89576
18939
65929
82047
79583
16317
70305
52364
70062
5758
12483
33847
56802
88267
55284
33395
61579
2481
72681
8782
44229
28027
95654
89284
63554
74136
96503
92014
92118
74171
59113
80504
85278
59708
73990
44879
36109
31356
71532
97593
94261
46278
33641
26303
19086
55792
46229
12389
52295
7041
69164
15451
52806
32812
29095
10860
89469
75515
18453
38195
91947
49703
79067
12237
26220
69411
61925
23913
6975
33305
78920
6236
18514
21836
16022
39090
15563
18621
57692
80447
65781
3336
44059
16691
60197
89614
77089
25227
73321
25838
89444
61220
25260
82765
35003
69035
70312
92341
81977
61872
18216
81561
91367
48313
12441
3190
94172
59443
75021
68628
29275
10083
14763
21868
93450
506
81462
55333
59722
85383
74712
88375
12536
42086
2091
26864
18047
65206
46981
12372
36215
71848
10685
42847
18846
15476
7550
73926
2289
17926
15783
48956
2856
4629
47516
46960
31883
80372
30860
91444
61877
77730
72288
62904
83140
75772
80093
70677
14041
42514
13686
22918
72306
91062
5810
54416
99521
70608
80693
75490
46089
11087
61517
1111
5173
86491
75388
12856
8245
84646
13948
22271
41973
57857
66900
32791
2332
74314
6326
5183
990
31522
15378
68269
43934
35709
50362
90831
95620
39827
21523
55276
47415
91475
29685
54889
19159
48791
8767
9416
73529
14195
31226
96683
24960
68807
37800
35094
66516
13812
80585
18995
73442
78059
76138
63566
79568
51553
60042
45345
58939
41535
20106
30698
9071
52373
16209
80919
4066
26703
79801
33572
73165
66687
93658
55420
52200
83674
93680
84859
79041
61535
69515
29108
66457
64049
44723
33326
95739
29126
94902
31209
7802
59769
9616
39967
99558
36506
50902
67781
84202
17700
57215
34032
95013
32879
98799
85493
44547
43260
94976
24329
41943
46958
64272
70663
4631
42520
37698
12240
67732
49265
51825
26508
90005
20004
78232
8846
25327
68388
81815
45398
70115
86909
60451
87280
40020
90374
82317
60090
42435
72786
36429
71619
47625
80197
3435
74959
70832
36164
40233
31831
99502
60549
15888
77293
73567
92902
99638
2237
59422
28889
15881
49359
82977
88669
55227
97640
64910
2088
33898
87568
24573
91776
84554
81743
21739
28841
23121
88241
49047
97240
33438
36681
12638
52486
1735
60593
7118
33217
3806
9967
84680
71676
70240
66099
27767
40487
60986
30525
16712
97721
3000
42171
87301
17449
26315
23440
47762
45949
5045
11440
85058
65625
64884
19208
54678
11545
1001
85595
75380
13946
64485
35655
66273
94450
28911
68071
86011
11328
23412
84209
86485
58046
69003
36542
53487
65075
87172
82826
59121
36325
35436
66225
74052
6443
12959
82138
8237
38337
19755
23888
24295
30229
25085
99659
69628
72190
13931
29774
39071
64172
68029
96681
38537
16794
35800
30686
89263
72640
11273
33793
96668
24901
29194
96472
80528
42066
25236
90594
52180
84130
89281
28820
79353
62005
61404
30622
54861
94244
90760
66476
31129
94670
15082
41961
60729
49009
7123
93406
70424
89781
47502
37112
1000
48930
64899
97928
52443
83825
19845
48100
76450
93792
83230
14730
51807
75615
97205
3812
38600
63432
90041
39335
77179
9612
79277
41365
55672
40520
51728
71267
36544
74678
75655
53461
19176
64863
50474
14117
18586
90798
9928
94915
61512
71840
42711
8950
21741
67800
23932
2657
63138
98991
98227
14017
10714
65000
10684
49778
69371
14945
83906
91792
14873
38854
91305
19739
62641
99168
50644
29621
45599
26411
91088
52293
31580
20325
54912
49214
9015
79457
89637
57881
47439
17884
62666
85726
76426
80423
24266
7810
95349
88994
17502
23242
97369
81706
81735
90254
48726
13834
28692
62297
78239
44013
68273
99757
70577
16179
41548
19235
35537
37345
8389
28080
49249
69011
32849
28803
62591
11149
50443
83434
47035
36239
33368
37813
51026
91174
75029
39314
38635
28383
99071
18295
57518
2967
29311
67487
30108
60398
84496
62411
11887
14587
91726
8842
23535
82264
32477
39763
64013
96509
8883
30447
25760
79178
54915
11284
3353
66846
82119
63275
81029
27653
45257
64243
3840
46415
41518
96319
98288
33979
28543
66394
29733
53714
78582
14123
75658
17648
34978
25043
80872
604
54262
70995
38776
55193
88052
29867
75619
76502
26449
43997
50200
26080
81157
27632
10728
95095
44018
43665
11522
92989
1199
62259
62246
39339
41968
55351
78184
96542
53491
49479
50019
94702
77961
25756
43704
63616
85566
97023
71106
33201
35784
60812
86070
30322
94120
32627
56380
50004
14080
75289
10788
33913
29746
58075
39496
18890
75888
58194
31485
326
99717
43954
81364
66551
63486
70060
30419
33857
55767
33012
459
58644
70686
14844
50805
94881
82438
94879
23918
45706
80107
35707
73581
1905
24412
21653
93469
72978
75370
93408
22555
16557
40875
41080
37390
2203
67019
86729
78429
41954
82992
56173
41905
65187
29609
85490
85353
94289
25395
88249
4884
12476
72167
71739
73999
34731
58786
64998
49146
48296
96722
45349
76697
87094
43770
39230
72484
82173
68035
63093
82507
82758
26976
7886
20330
40482
94428
30064
64357
33572
60386
17700
96960
40047
53768
34685
85790
47722
81752
92401
50612
92977
10908
96453
40104
54725
80486
7176
49995
46339
24922
15542
72049
39601
93817
75612
26889
69013
17995
70331
87485
11776
96359
65989
84936
15591
11298
50117
78958
23603
93970
19419
65917
68942
88093
47493
73566
58910
92259
2617
46136
56815
39045
60142
33281
76904
42416
75963
51810
21663
15658
183
98054
7400
50680
79232
81310
79656
53641
70071
75668
92393
59651
37256
94282
84966
40712
86503
26127
13670
60260
65910
69981
645
38262
10787
57906
12014
27928
37742
92328
49477
69869
16680
92787
82304
55015
75320
99191
23638
4050
40023
52548
16176
58976
82619
1103
6716
48657
79024
3502
5664
71038
7554
53967
17515
83363
70584
92693
44583
27847
41242
26640
94507
4169
39539
73337
7533
33704
60401
37671
56148
69487
99209
65808
80300
97820
85688
89888
83731
8396
39716
67407
85104
5220
74658
7650
38339
30430
40080
50112
48823
74286
77634
10159
74036
84720
84794
3403
74898
83857
48080
99490
76328
67638
79377
41007
89442
7180
38020
69296
10000
49741
39752
25862
64283
18988
58329
25610
46994
16125
78481
87206
23299
17956
46379
72375
94470
76760
45154
62333
30483
66292
23160
50108
32404
51514
34996
18322
4692
65316
42339
20629
46743
91016
32062
92776
23395
17991
14636
27802
20220
78771
36414
12796
85358
49275
40024
85085
42371
12244
73584
67844
42964
25253
73519
80136
38140
20655
59316
29775
50921
44183
14968
78658
95147
29170
26828
2025
74927
71212
42846
3112
57957
57076
7099
93749
74044
16584
34318
98517
70576
94168
75462
78867
44794
71802
15574
58236
58182
97225
77174
64666
14210
27642
50023
33034
18738
51934
3060
9052
37216
4685
28180
81575
55376
69941
47179
24166
15890
52446
12880
48819
75921
28441
18442
51166
91848
81509
55187
69131
16692
76125
92831
34245
62405
4897
40021
37378
44622
52224
35836
45077
60924
13151
39953
82762
71011
28616
36084
44578
46355
46098
50019
33451
26761
28905
52766
73082
44994
66522
27690
11272
42187
52574
30897
40967
53845
17472
40006
75423
16260
97292
43270
77065
21286
89941
12474
5415
30912
9827
19513
89469
79683
91288
77162
92529
11038
13438
47400
4987
53773
34894
36862
94088
70255
74655
83249
12369
34614
66954
88093
34835
43352
81878
16440
87595
43138
21956
97682
93232
65387
93945
7806
52108
99814
98499
74730
87000
52370
89546
20266
13332
78348
87797
73044
11232
78692
73334
79844
92377
95053
58035
53183
87155
83117
21650
67156
40367
40788
19232
65950
11098
30826
2494
9383
77699
99713
11496
13031
88438
13994
34819
53482
26649
80867
4003
17615
49890
35246
52022
34700
95347
92764
85969
55439
59059
36936
30645
29760
87626
10785
62428
31458
44633
31391
45990
19064
39252
27287
10267
18596
12829
3433
95804
49866
88030
6039
96843
37300
90563
92240
2675
97551
17521
87722
75670
48530
9735
14861
71697
91454
41200
3052
48430
5601
28417
42159
71109
25109
27317
43244
47215
58725
64099
15957
34570
58096
23896
27338
56546
86854
57367
8271
46850
64303
43946
78456
83478
21803
50531
26176
88988
96788
89235
95865
21159
27808
97542
46590
71024
69250
71482
36485
22585
31344
59994
25936
10047
24671
14907
20802
66940
48746
29874
55151
88821
27762
14671
13868
32327
17055
85179
41605
33705
98917
58313
83789
69694
22498
51484
30160
76825
27331
41141
69669
42189
42246
96631
53471
37872
94394
97626
84323
56588
81219
87239
64499
42722
17978
70070
8009
58619
14289
45122
65215
69932
97588
70310
51211
42405
68043
88471
51849
79414
10236
63581
80432
96126
53069
29998
78918
56082
90503
33737
68175
91591
54294
11980
43233
55388
86637
84371
14131
12646
81126
92590
43379
90009
93095
64765
75191
77456
40928
6890
20844
30586
65297
68483
31018
74529
33001
47059
28905
98232
43305
13789
36588
51872
26855
44276
65179
84983
9998
313
83470
34238
93090
37009
16133
44709
26945
77634
99446
20405
39205
73419
20286
60121
52710
69885
78968
31338
66749
19226
97675
57910
78340
90121
71357
32780
13560
63218
60518
60871
37760
50140
34239
65589
99304
53761
56537
97346
20262
23914
35754
3430
64797
9132
1635
55719
35008
5375
63517
88876
29774
96375
39921
62560
91419
80801
57446
81119
5424
51292
85125
31968
46025
8529
39945
24863
42716
79792
54323
29190
19034
32872
3801
46263
83213
44227
42430
71513
92481
47324
94813
90460
88959
83230
44223
83978
46708
86394
77932
38253
83985
83908
2206
94455
99692
35627
42385
15090
25731
46163
16470
34212
98720
89041
31143
55230
62232
86946
92917
56033
55438
20424
78973
10158
86901
38050
83641
10953
78034
10439
39986
52233
38208
22303
11123
44447
53548
17438
83961
26528
81313
72990
32199
28656
12190
9464
58902
72909
33283
64894
67818
35797
56747
23960
76767
92341
49747
55577
94082
76816
47833
90877
42908
29704
40384
29601
55817
91787
46447
61727
17511
27165
38553
15781
87594
4670
15255
41169
74892
27800
53809
45963
43330
38472
70397
96863
47209
33926
96894
4981
62527
29010
92973
4367
64623
56829
75701
6590
78532
64209
32280
42210
15326
26558
93711
6876
26403
31459
48111
64081
17868
52853
21255
29757
17504
71662
72230
51025
61247
78165
74233
52076
44916
39109
77266
14257
33614
78237
32708
17962
38664
58148
91467
98265
8515
13335
8425
15575
80597
29425
63562
95915
43803
67510
22633
4168
92202
72091
50219
81987
63875
34773
72905
20176
26597
54844
14508
24152
57693
24860
9073
70969
9624
78041
8172
50234
72729
49692
82568
56201
8741
79262
27500
4404
94108
14159
4890
23392
16546
14179
4209
80585
75547
46203
69714
49686
12438
23404
98207
58776
87264
52621
16607
51839
73529
7810
62623
19289
80708
21312
1459
43784
91543
87677
82521
17727
78707
90805
9790
63673
21133
68891
31674
89269
40107
78362
22231
83762
73962
27815
34543
17731
828
13670
99699
49200
10255
52597
74696
95593
15656
95224
75947
99559
18863
69826
18389
46048
28356
21788
17018
87910
13743
72918
99180
26686
62965
75719
83676
48920
13574
90819
256
21967
92276
69272
2064
66079
35262
45380
93419
29278
490
31191
5911
22329
95537
2849
69157
17612
7091
57432
82610
69757
78380
967
48905
55029
95807
6262
56134
47260
16622
42770
52822
432
96780
20794
48795
51618
82729
9381
55980
53357
26285
23059
71224
89523
44320
67182
53611
89462
64997
11740
69257
91984
90535
10020
31127
50256
44236
38139
65433
76338
4198
42570
14614
69433
36712
47742
91191
43371
84630
48875
23471
43913
39989
20669
11541
11530
58465
91677
42380
25555
34749
63613
90179
24469
52133
90464
96920
82370
23840
89801
86936
42413
6482
58846
43938
86782
36973
14840
3369
23663
13351
66858
73560
63175
35110
99980
49904
79248
84120
31779
80940
33142
13760
77870
92038
5374
38922
5552
20594
13024
35424
28181
31368
56067
4117
6050
14655
13108
96830
86174
86933
53826
22145
23703
49771
58106
68965
1170
8941
81274
21545
73523
12239
81011
44817
57093
71539
38432
87674
68550
35176
72381
92431
73074
28716
64582
59316
9995
11601
47950
60096
6466
49438
77209
45351
89956
51340
72694
13717
27524
14289
50780
3319
19649
506
10591
47732
80564
61904
9775
44889
44696
90077
2350
16593
16853
53929
37772
76627
6283
89309
93153
29237
42264
54440
78054
81983
43911
32511
1296
52218
28661
12607
31082
42312
97761
21967
28909
47597
72143
36673
35327
20714
5304
45719
60838
83882
84978
70818
25159
22614
39256
11941
19968
94179
88374
94392
43741
22731
24947
5929
37435
23993
62778
25884
34423
40286
88967
58643
61714
90528
91723
1609
31524
40850
24924
88441
45209
7871
91709
66812
93644
77088
59237
20046
65343
33965
34190
71602
86676
76688
33532
90060
30955
83317
45127
34796
88633
17213
42087
40811
2913
86834
2780
67469
29170
83541
45111
78598
7580
55155
56745
20378
44079
57718
85702
16893
66515
38776
29876
83801
96574
39602
72534
77069
24277
5554
71728
67538
11587
66635
8342
59833
93359
41670
79861
81936
28860
65495
17726
90020
91202
65482
33419
28481
86309
8892
86991
77844
6543
2918
61502
83185
58063
81972
15061
62960
46061
40180
63912
15827
88008
64426
98087
46018
28654
82305
12300
38647
36024
31131
62019
15350
24096
69353
94038
99412
11359
65846
42292
46617
30855
1693
26014
41951
78554
42204
99150
78042
85862
30304
73636
74610
57725
38208
70606
67787
94421
3685
95026
79974
48216
23462
68540
44512
33769
79507
48799
71064
91284
81160
52874
91054
60272
26657
98824
58599
48725
57836
98035
99789
6068
9689
89495
74355
40855
73806
96895
10326
99765
10616
15614
27840
76754
72764
35067
41766
37425
28940
34426
80112
70487
95701
68291
40121
73150
53812
33938
99660
82450
69129
922
98734
38603
66276
5398
20699
56200
64123
75630
61097
19972
31069
79362
90057
69656
3361
98422
16012
18669
13624
21914
87457
74012
53698
65621
2428
18596
51964
58573
71507
18278
24246
20278
30274
84321
68739
24533
44910
60229
45994
34703
23879
55638
89625
30611
61990
32447
39961
63712
36854
61456
34588
94004
40111
70838
44019
5299
29501
47862
7644
63856
40159
4133
95161
56795
81515
62567
24956
22215
41583
97506
63102
36887
23315
31838
35695
28452
38330
72283
97511
96749
76616
90671
61051
72572
38397
54139
22060
25521
95166
